0
1
1
1
1
1
1
2
1
1
1
1
1
3
1
4
4
1
1
5
1
1
6
1
6
6
6
1
1
1
1
1
1
6
1
6
1
6
6
1
7
6
8
8
6
8
8
1
1
7
0
9
9
6
3
10
11
3
6
8
12
13
5
14
1
11
12
15
9
5
6
4
16
1
6
13
17
1
5
1
15
6
18
3
18
15
14
19
15
1
20
20
1
12
15
1
8
5
8
6
8
3
1
3
8
1
6
6
6
6
1
1
6
1
1
6
1
1
1
15
1
16
1
1
6
11
6
0
6
1
1
6
6
1
6
1
1
1
1
1
5
6
21
1
1
3
15
3
1
15
12
22
15
1
23
5
6
6
24
1
21
1
6
1
1
1
25
1
1
1
1
5
1
1
1
6
6
1
26
1
1
26
1
6
1
22
1
6
0
26
1
1
3
6
16
1
22
12
1
1
1
1
1
6
27
3
3
6
6
1
15
1
16
1
1
6
1
1
1
16
1
1
1
1
3
1
1
1
16
1
1
1
1
1
1
1
1
6
12
1
1
1
6
6
1
1
1
6
6
6
1
1
1
6
1
27
1
1
6
1
1
6
1
6
6
1
1
1
6
1
1
1
3
1
1
28
1
6
6
1
1
1
1
1
1
1
6
1
1
1
1
6
11
1
1
6
6
1
1
1
1
1
1
3
6
6
6
6
1
29
29
17
30
30
6
4
26
1
31
6
9
4
4
21
26
26
6
11
1
21
31
32
13
29
30
29
14
14
26
3
6
5
19
11
6
6
12
33
34
31
1
1
6
6
1
3
5
6
1
1
1
6
1
1
1
16
6
6
1
5
6
6
1
1
3
6
9
16
1
3
1
1
1
1
21
6
6
1
6
1
26
1
1
5
33
6
1
1
1
1
1
8
31
6
6
6
1
1
1
1
1
6
27
8
2
6
33
6
6
1
1
6
5
1
6
8
1
6
6
6
1
6
6
6
1
1
1
8
1
8
6
1
6
12
1
1
1
1
1
1
6
8
8
8
1
18
18
6
1
8
1
1
19
1
6
8
1
1
1
8
1
6
1
1
1
6
16
1
6
6
1
1
1
1
1
1
1
1
1
8
21
1
1
1
6
6
1
6
1
1
1
1
1
8
1
1
1
1
1
1
6
35
1
1
6
1
1
6
6
1
6
1
8
1
18
18
1
1
1
6
18
18
18
18
6
18
30
1
6
14
1
6
26
15
18
12
6
8
26
26
1
1
36
26
6
6
6
11
1
1
1
6
6
6
5
1
6
3
1
1
1
1
1
1
6
1
1
6
1
1
1
13
6
1
37
26
1
6
6
6
1
6
1
1
1
1
6
38
1
1
1
1
6
1
1
1
1
1
6
6
1
1
1
19
1
1
1
6
38
25
6
1
1
1
1
5
1
8
1
1
1
1
1
1
0
1
8
23
1
1
1
1
6
4
26
34
1
6
1
1
6
6
1
36
1
6
6
16
6
36
1
6
6
1
1
1
1
1
6
1
1
1
1
1
1
1
1
6
6
1
1
6
1
6
1
6
1
36
1
11
3
6
1
1
1
1
1
6
1
1
1
1
1
1
8
1
1
3
1
1
1
1
18
1
6
1
1
1
1
1
1
1
1
1
6
6
1
8
1
1
39
1
1
35
6
6
1
6
6
1
6
1
6
1
1
40
1
1
41
1
1
6
6
31
1
6
1
1
6
6
6
1
1
1
1
1
3
6
16
6
6
1
1
1
6
6
6
1
6
0
8
6
15
18
3
6
6
1
42
13
13
11
26
26
23
3
6
20
6
3
10
1
4
1
3
5
17
16
43
8
13
1
1
