0
1
2
2
0
2
2
2
2
2
2
2
2
2
3
2
2
2
0
0
2
2
0
2
0
0
0
2
4
0
4
4
5
6
1
7
0
8
8
0
9
10
10
10
11
12
7
3
2
0
9
13
2
2
14
0
8
5
14
15
16
14
17
18
2
12
4
10
4
0
4
8
4
0
0
0
2
2
2
0
0
0
2
2
2
2
0
0
0
2
2
2
2
2
2
0
19
2
0
14
2
20
14
21
10
0
22
2
0
2
2
23
2
2
0
0
2
2
2
2
0
2
20
2
0
1
24
2
2
0
2
8
11
2
2
2
25
8
8
0
2
17
2
0
2
2
17
2
2
2
26
17
2
2
2
2
2
2
2
0
2
2
0
19
2
0
0
2
2
0
2
25
2
2
2
0
2
0
0
2
2
2
2
8
2
2
8
2
27
2
2
0
2
2
2
2
2
2
2
2
2
2
0
11
2
2
0
2
2
2
8
0
0
2
0
26
26
13
28
29
0
30
4
3
3
19
24
24
24
24
8
11
14
31
28
15
24
10
16
0
24
12
32
32
33
2
0
0
2
2
2
0
2
2
17
0
2
0
0
0
0
2
0
2
2
2
8
0
0
0
24
2
0
2
2
10
2
2
2
0
4
0
2
0
2
2
0
4
34
0
2
2
0
0
2
5
0
2
0
2
2
2
4
0
0
2
4
12
2
2
10
2
0
4
2
2
2
5
5
2
0
4
2
16
2
0
2
4
2
2
17
2
2
0
2
2
2
2
0
2
2
2
4
19
0
2
0
2
2
2
2
4
2
2
2
2
2
2
0
2
2
0
2
0
5
2
2
0
0
28
2
15
0
24
14
5
0
12
0
30
0
4
2
2
2
0
0
0
10
2
8
5
2
2
2
2
0
2
2
2
2
0
2
9
2
0
2
35
12
24
2
2
2
2
36
2
2
2
2
2
0
2
11
2
2
0
2
10
4
2
2
2
1
21
0
2
2
2
2
2
0
2
2
2
0
0
0
0
2
2
7
2
0
0
2
2
0
2
0
2
30
0
2
2
0
2
2
2
2
4
2
2
8
24
2
2
2
5
0
2
2
2
2
2
2
2
0
2
2
2
37
2
2
38
0
2
0
2
2
39
40
2
0
29
2
0
2
2
0
0
2
2
2
2
2
8
0
17
2
2
0
2
2
2
14
8
29
0
0
2
41
9
9
11
8
18
42
3
10
17
2
43
2
