0
1
2
2
0
2
2
2
3
2
0
2
2
4
2
5
2
6
6
2
2
2
2
2
0
0
2
2
2
2
0
2
2
0
0
2
0
2
7
0
8
8
0
8
8
2
9
2
7
1
10
10
5
11
12
13
5
0
8
8
14
8
15
16
0
4
16
16
14
17
10
16
0
18
6
2
0
15
19
20
2
5
16
0
2
17
9
5
17
17
6
18
21
18
2
14
2
8
16
8
0
8
5
2
5
8
0
0
0
5
0
2
2
2
2
0
0
2
0
2
2
2
2
17
0
2
21
2
2
0
13
0
1
2
0
2
2
0
0
2
0
2
2
2
0
2
16
0
22
2
2
0
17
5
2
0
14
2
23
17
2
19
16
0
0
24
2
2
22
0
2
0
2
2
2
2
25
2
2
2
2
2
2
2
2
0
0
2
2
26
2
2
2
0
2
23
2
2
0
1
26
2
2
5
0
21
2
23
17
14
2
2
2
2
13
2
2
2
0
27
5
5
2
0
0
2
17
2
2
2
2
2
21
2
2
2
28
2
2
21
0
2
21
2
2
2
2
2
2
2
2
2
2
2
2
2
0
0
14
2
2
2
2
0
0
0
2
2
2
2
2
2
0
2
2
2
0
2
27
2
2
2
0
2
2
0
0
2
0
0
0
0
2
2
2
2
5
0
2
2
0
5
2
2
29
2
0
0
0
2
2
5
2
2
2
0
2
2
2
2
0
2
2
0
0
2
2
2
2
0
0
0
0
0
2
28
20
30
0
26
2
31
0
10
32
8
6
6
22
26
26
26
0
5
2
13
16
2
22
33
15
28
30
28
4
4
5
0
16
12
13
0
0
0
26
34
34
35
31
0
2
5
2
0
0
0
2
5
16
0
2
2
0
0
2
2
2
2
21
0
2
0
16
0
0
2
2
5
0
10
21
2
5
2
2
2
22
5
0
0
2
26
2
26
2
16
34
0
2
2
2
2
8
31
0
0
2
2
2
2
2
2
2
2
2
0
27
0
8
3
34
0
0
2
2
2
0
16
2
0
8
2
0
9
0
0
2
0
0
2
2
2
8
2
8
0
2
0
8
2
2
0
2
2
2
2
2
2
0
8
8
2
8
2
2
2
9
8
9
2
0
2
2
2
2
0
12
2
0
2
2
2
2
0
2
2
2
0
21
2
2
0
0
2
2
2
2
2
2
2
2
0
2
2
2
8
22
2
2
2
2
0
0
0
2
0
2
2
8
2
2
2
8
2
2
2
2
2
2
0
36
2
2
2
2
0
2
0
2
8
2
9
2
2
2
9
9
9
9
0
9
30
0
4
2
0
26
17
9
0
14
14
0
8
14
26
26
2
2
0
32
26
0
8
0
0
13
2
2
2
0
0
16
2
0
9
2
2
2
2
0
2
2
2
0
2
9
15
2
15
0
2
37
14
2
2
0
2
0
2
2
2
2
0
2
38
2
2
2
2
2
2
0
2
2
2
2
0
0
2
2
13
2
12
2
2
2
0
38
2
25
0
2
2
16
8
2
2
2
2
2
2
2
8
2
19
0
2
2
2
0
6
2
26
2
35
2
1
2
2
0
2
2
2
32
2
0
0
15
21
32
0
0
2
2
2
2
2
0
2
2
0
2
2
2
2
0
2
0
2
0
0
2
0
2
2
13
0
2
2
0
2
2
2
0
2
2
2
2
2
2
2
2
2
2
5
26
2
2
2
9
0
2
2
2
2
2
2
2
2
2
2
0
2
8
2
2
39
2
2
36
0
2
0
0
2
2
0
2
0
0
0
2
2
40
2
2
41
2
2
0
0
31
2
0
2
2
0
0
0
2
2
2
2
2
2
5
21
0
0
2
2
0
0
2
2
1
0
2
17
5
31
0
0
0
2
42
15
15
13
26
26
0
19
5
0
18
21
0
5
17
11
6
2
30
5
16
17
20
21
2
27
43
8
2
2
