0
1
1
2
1
1
3
1
2
1
1
1
1
4
2
2
1
1
1
1
1
2
1
2
2
1
5
6
6
1
7
1
0
8
4
9
10
6
11
12
2
1
12
13
14
8
12
15
16
1
2
17
1
12
2
1
14
4
14
6
1
18
18
1
6
12
6
4
2
2
2
2
2
1
2
1
1
14
1
1
2
19
2
2
1
2
1
1
2
1
12
2
20
1
2
1
21
14
22
2
2
23
1
1
2
1
2
1
1
1
1
12
1
1
2
2
1
24
1
1
1
1
21
1
0
1
4
2
1
13
1
1
1
1
1
1
4
2
2
2
1
1
16
1
2
1
1
16
1
1
25
1
1
16
2
4
16
1
1
1
1
1
1
1
1
1
2
1
20
2
1
1
1
1
1
2
1
1
1
26
2
1
2
1
1
2
2
2
1
4
2
1
4
1
1
27
1
2
1
1
1
1
1
2
1
1
1
2
2
25
28
24
29
8
18
18
20
24
24
4
19
20
30
28
25
31
31
4
12
10
2
2
24
32
32
33
2
1
1
1
2
2
1
1
2
2
1
1
1
1
1
1
2
1
1
2
4
1
1
1
24
2
1
12
1
1
2
29
2
1
1
1
1
1
1
6
2
1
1
1
2
7
2
2
1
1
1
6
1
6
2
6
13
1
1
12
1
1
1
2
6
6
1
1
1
2
1
1
1
10
1
2
6
1
1
6
1
1
2
1
1
1
1
1
6
2
2
6
1
1
6
1
1
1
2
34
1
1
2
1
1
1
2
7
7
28
1
31
2
7
13
13
24
35
24
2
2
2
19
1
1
2
2
12
1
4
7
1
2
1
1
1
1
1
1
7
11
1
11
2
1
36
13
24
1
2
2
1
1
1
2
37
1
1
1
1
1
1
2
2
1
1
19
1
1
1
2
1
38
1
1
6
1
1
1
1
1
0
2
1
1
1
2
24
1
2
2
1
1
1
1
11
16
35
2
2
1
1
2
1
1
1
1
2
2
2
1
1
2
2
1
35
1
19
4
2
1
1
1
1
1
1
6
1
1
1
7
1
1
1
1
1
1
1
2
2
1
39
1
2
2
1
2
2
1
2
1
2
1
1
40
1
41
1
2
2
29
1
2
1
1
1
1
1
1
2
2
1
2
2
1
1
2
6
2
1
14
7
4
2
2
2
1
42
19
24
22
4
15
16
2
14
18
4
14
17
16
1
26
43
11
1
1
